-1 
-1 
-1 
-1 
-1 
-1 
-1 
-1 
-1 
-1 
-1 
-1 
-1 
-1 
-1 
-1 
-1 
-1 
-1 
-1 
-1 
-1 
-1 
-1 
-1 
-1 
-1 
-1 
-1 
-1 
-1 
-1 
-1 
-1 
-1 
-1 
-1 
-1 
-1 
-1 
-1 
-1 
-1 
-1 
-1 
-1 
-1 
-1 
-1 
-1 
-1 
-1 
-1 
-1 
-1 
-1 
24 
24 
-1 
-1 
31 
-1 
23 
23 
-1 
-1 
23 
-1 
23 
23 
-1 
-1 
23 
-1 
7 
7 
-1 
-1 
-1 
-1 
-1 
-1 
-1 
-1 
-1 
-1 
-1 
14 
-1 
20 
-1 
-1 
23 
23 
-1 
30 
-1 
-1 
23 
18 
-1 
23 
-1 
-1 
23 
-1 
-1 
23 
-1 
-1 
23 
-1 
41 
27 
-1 
-1 
-1 
-1 
-1 
-1 
-1 
-1 
-1 
-1 
-1 
30 
-1 
-1 
54 
12 
-1 
-1 
-1 
-1 
-1 
-1 
-1 
17 
-1 
-1 
34 
-1 
-1 
17 
-1 
-1 
28 
-1 
11 
28 
38 
38 
-1 
-1 
-1 
-1 
-1 
-1 
-1 
-1 
-1 
-1 
-1 
-1 
12 
-1 
-1 
12 
-1 
-1 
53 
-1 
-1 
28 
20 
20 
17 
-1 
-1 
11 
41 
41 
-1 
-1 
-1 
-1 
-1 
-1 
-1 
-1 
-1 
-1 
-1 
-1 
-1 
-1 
-1 
-1 
-1 
-1 
-1 
-1 
-1 
-1 
-1 
-1 
12 
-1 
-1 
30 
-1 
-1 
34 
-1 
-1 
-1 
-1 
-1 
-1 
9 
-1 
-1 
-1 
-1 
-1 
-1 
-1 
-1 
-1 
-1 
-1 
-1 
-1 
-1 
-1 
-1 
-1 
-1 
-1 
-1 
-1 
-1 
-1 
-1 
-1 
-1 
-1 
-1 
12 
-1 
-1 
-1 
-1 
-1 
34 
-1 
-1 
-1 
-1 
-1 
1 
0 
-1 
9 
-1 
-1 
-1 
-1 
-1 
-1 
-1 
-1 
-1 
-1 
-1 
-1 
-1 
-1 
-1 
-1 
-1 
-1 
-1 
-1 
-1 
-1 
-1 
-1 
-1 
-1 
-1 
-1 
-1 
12 
-1 
-1 
-1 
-1 
-1 
34 
-1 
16 
-1 
-1 
-1 
-1 
-1 
-1 
-1 
-1 
-1 
-1 
-1 
-1 
-1 
-1 
-1 
-1 
-1 
-1 
-1 
-1 
-1 
-1 
-1 
-1 
-1 
-1 
-1 
2 
37 
17 
17 
38 
-1 
39 
-1 
20 
20 
-1 
27 
5 
23 
23 
8 
-1 
-1 
-1 
-1 
-1 
-1 
-1 
-1 
-1 
-1 
-1 
-1 
-1 
-1 
-1 
-1 
-1 
2 
37 
2 
2 
38 
-1 
38 
38 
-1 
39 
-1 
-1 
-1 
-1 
-1 
17 
-1 
40 
-1 
-1 
2 
-1 
-1 
-1 
-1 
-1 
-1 
-1 
-1 
-1 
-1 
-1 
-1 
2 
-1 
-1 
2 
38 
-1 
38 
38 
-1 
39 
-1 
-1 
-1 
-1 
-1 
17 
-1 
23 
-1 
-1 
19 
-1 
-1 
14 
-1 
-1 
-1 
-1 
-1 
-1 
-1 
-1 
-1 
-1 
-1 
-1 
-1 
-1 
-1 
38 
52 
-1 
-1 
-1 
-1 
28 
-1 
-1 
-1 
-1 
-1 
17 
-1 
14 
-1 
-1 
14 
-1 
-1 
-1 
-1 
-1 
-1 
-1 
-1 
-1 
-1 
-1 
-1 
-1 
-1 
-1 
-1 
-1 
-1 
-1 
-1 
-1 
-1 
-1 
-1 
-1 
-1 
-1 
-1 
-1 
-1 
-1 
-1 
14 
-1 
-1 
-1 
-1 
-1 
-1 
-1 
-1 
-1 
-1 
-1 
-1 
-1 
-1 
-1 
-1 
-1 
-1 
-1 
-1 
-1 
-1