-1 
-1 
-1 
-1 
-1 
-1 
-1 
-1 
-1 
-1 
-1 
-1 
-1 
-1 
-1 
-1 
-1 
-1 
-1 
-1 
-1 
-1 
-1 
-1 
-1 
-1 
-1 
-1 
-1 
-1 
-1 
-1 
-1 
-1 
-1 
-1 
-1 
-1 
-1 
-1 
-1 
-1 
-1 
-1 
-1 
-1 
-1 
-1 
-1 
-1 
-1 
-1 
-1 
-1 
-1 
-1 
38 
52 
-1 
23 
23 
-1 
27 
23 
16 
-1 
-1 
-1 
-1 
-1 
-1 
-1 
-1 
-1 
-1 
-1 
-1 
-1 
-1 
-1 
-1 
-1 
-1 
-1 
-1 
-1 
-1 
-1 
-1 
-1 
-1 
-1 
20 
42 
36 
36 
2 
-1 
-1 
-1 
-1 
-1 
-1 
34 
-1 
7 
-1 
-1 
-1 
-1 
-1 
-1 
-1 
-1 
-1 
-1 
-1 
-1 
-1 
-1 
-1 
-1 
-1 
-1 
-1 
-1 
-1 
-1 
14 
14 
-1 
54 
18 
-1 
-1 
-1 
-1 
-1 
-1 
-1 
-1 
-1 
-1 
5 
-1 
16 
9 
-1 
-1 
-1 
-1 
-1 
-1 
-1 
-1 
-1 
-1 
-1 
-1 
-1 
-1 
-1 
-1 
-1 
-1 
14 
-1 
20 
42 
-1 
20 
-1 
-1 
-1 
-1 
-1 
17 
-1 
-1 
7 
-1 
-1 
34 
-1 
0 
-1 
-1 
-1 
-1 
1 
-1 
-1 
-1 
-1 
-1 
-1 
-1 
-1 
-1 
-1 
-1 
-1 
-1 
8 
18 
-1 
54 
12 
-1 
-1 
-1 
-1 
17 
-1 
11 
10 
-1 
14 
12 
-1 
-1 
34 
-1 
-1 
-1 
-1 
-1 
22 
-1 
29 
-1 
-1 
-1 
-1 
-1 
-1 
-1 
-1 
-1 
-1 
-1 
-1 
8 
-1 
-1 
34 
-1 
-1 
17 
-1 
38 
10 
-1 
-1 
-1 
-1 
-1 
-1 
-1 
34 
34 
-1 
-1 
-1 
-1 
-1 
-1 
-1 
34 
-1 
-1 
-1 
-1 
-1 
-1 
-1 
-1 
-1 
-1 
-1 
-1 
8 
-1 
-1 
34 
-1 
34 
-1 
-1 
-1 
-1 
-1 
-1 
-1 
-1 
-1 
38 
52 
-1 
39 
-1 
-1 
-1 
-1 
21 
17 
-1 
41 
-1 
-1 
-1 
-1 
-1 
-1 
-1 
-1 
-1 
-1 
-1 
-1 
8 
-1 
-1 
-1 
-1 
34 
-1 
-1 
-1 
-1 
23 
-1 
-1 
28 
-1 
36 
2 
-1 
-1 
-1 
-1 
17 
-1 
38 
-1 
-1 
14 
-1 
-1 
-1 
-1 
-1 
-1 
-1 
-1 
-1 
-1 
-1 
8 
8 
-1 
-1 
-1 
-1 
-1 
-1 
-1 
-1 
-1 
-1 
-1 
39 
-1 
-1 
20 
-1 
-1 
-1 
-1 
34 
-1 
-1 
14 
-1 
-1 
-1 
-1 
-1 
-1 
-1 
-1 
-1 
-1 
-1 
-1 
-1 
-1 
-1 
-1 
-1 
-1 
34 
-1 
-1 
34 
-1 
-1 
-1 
-1 
-1 
-1 
-1 
-1 
17 
-1 
-1 
28 
-1 
41 
-1 
-1 
-1 
-1 
-1 
-1 
-1 
-1 
-1 
-1 
-1 
-1 
-1 
-1 
-1 
-1 
-1 
-1 
-1 
-1 
-1 
12 
-1 
-1 
12 
-1 
-1 
28 
-1 
-1 
28 
-1 
29 
-1 
-1 
41 
-1 
-1 
-1 
-1 
-1 
-1 
-1 
-1 
-1 
-1 
-1 
-1 
-1 
-1 
-1 
-1 
-1 
-1 
-1 
-1 
-1 
-1 
-1 
-1 
-1 
-1 
-1 
-1 
-1 
-1 
-1 
-1 
-1 
-1 
-1 
-1 
-1 
-1 
-1 
-1 
-1 
-1 
-1 
-1 
-1 
-1 
-1 
-1 
-1 
-1 
-1 
-1 