-1 
-1 
-1 
-1 
-1 
-1 
-1 
-1 
-1 
-1 
-1 
-1 
-1 
-1 
-1 
-1 
-1 
-1 
-1 
-1 
-1 
-1 
-1 
-1 
-1 
-1 
-1 
-1 
-1 
-1 
-1 
-1 
-1 
-1 
-1 
-1 
-1 
-1 
-1 
-1 
-1 
-1 
-1 
-1 
-1 
-1 
-1 
-1 
-1 
-1 
-1 
-1 
-1 
-1 
-1 
-1 
-1 
-1 
-1 
-1 
-1 
-1 
-1 
-1 
-1 
-1 
-1 
-1 
-1 
-1 
-1 
-1 
-1 
-1 
-1 
-1 
-1 
-1 
-1 
-1 
-1 
-1 
-1 
-1 
-1 
-1 
-1 
-1 
-1 
-1 
-1 
-1 
-1 
-1 
-1 
-1 
-1 
-1 
-1 
-1 
-1 
-1 
-1 
-1 
-1 
-1 
-1 
-1 
-1 
-1 
-1 
2 
-1 
-1 
-1 
-1 
1 
10 
23 
23 
23 
23 
23 
23 
23 
23 
27 
-1 
-1 
-1 
-1 
-1 
-1 
-1 
-1 
-1 
20 
0 
23 
23 
30 
22 
19 
9 
-1 
-1 
-1 
-1 
-1 
-1 
-1 
17 
-1 
-1 
-1 
-1 
-1 
-1 
-1 
-1 
-1 
15 
26 
58 
-1 
-1 
-1 
-1 
-1 
-1 
-1 
-1 
6 
-1 
-1 
65 
28 
10 
-1 
-1 
-1 
-1 
-1 
-1 
-1 
-1 
-1 
12 
74 
-1 
69 
-1 
-1 
-1 
-1 
17 
-1 
34 
-1 
-1 
-1 
-1 
-1 
-1 
-1 
-1 
-1 
-1 
-1 
-1 
-1 
-1 
-1 
-1 
12 
-1 
19 
-1 
28 
-1 
17 
-1 
11 
5 
-1 
-1 
108 
65 
67 
-1 
-1 
-1 
-1 
-1 
-1 
-1 
-1 
-1 
-1 
-1 
43 
-1 
-1 
-1 
14 
-1 
-1 
-1 
-1 
-1 
-1 
-1 
-1 
-1 
43 
-1 
-1 
-1 
-1 
-1 
-1 
-1 
-1 
-1 
63 
-1 
16 
12 
-1 
-1 
31 
-1 
-1 
3 
-1 
-1 
-1 
-1 
-1 
-1 
44 
28 
-1 
-1 
-1 
-1 
51 
-1 
-1 
-1 
-1 
65 
-1 
-1 
51 
30 
93 
43 
-1 
-1 
-1 
-1 
-1 
-1 
-1 
-1 
-1 
-1 
-1 
-1 
-1 
-1 
-1 
-1 
-1 
-1 
-1 
-1 
-1 
-1 
-1 
12 
11 
-1 
34 
-1 
-1 
7 
-1 
-1 
-1 
-1 
-1 
-1 
-1 
-1 
-1 
-1 
-1 
-1 
-1 
-1 
-1 
-1 
-1 
-1 
-1 
-1 
-1 
11 
58 
100 
-1 
-1 
-1 
1 
9 
-1 
-1 
-1 
-1 
-1 
-1 
-1 
-1 
-1 
-1 
-1 
-1 
-1 
-1 
-1 
-1 
-1 
28 
12 
11 
-1 
34 
-1 
-1 
-1 
3 
-1 
-1 
-1 
-1 
-1 
-1 
-1 
-1 
-1 
-1 
-1 
-1 
-1 
-1 
-1 
-1 
-1 
-1 
-1 
12 
11 
5 
7 
34 
-1 
-1 
-1 
-1 
-1 
-1 
-1 
-1 
-1 
-1 
-1 
-1 
-1 
-1 
-1 
-1 
-1 
-1 
-1 
-1 
-1 
-1 
17 
-1 
-1 
-1 
-1 
-1 
-1 
26 
-1 
-1 
-1 
-1 
-1 
-1 
-1 
-1 
-1 
-1 
-1 
-1 
-1 
-1 
-1 
-1 
2 
-1 
0 
23 
39 
20 
-1 
5 
-1 
7 
-1 
-1 
-1 
-1 
-1 
-1 
-1 
-1 
-1 
-1 
-1 
-1 
-1 
-1 
2 
-1 
0 
39 
20 
-1 
-1 
-1 
17 
-1 
-1 
9 
43 
-1 
-1 
-1 
-1 
-1 
-1 
-1 
-1 
-1 
-1 
-1 
2 
-1 
0 
39 
20 
-1 
-1 
-1 
-1 
17 
-1 
-1 
-1 
-1 
-1 
-1 
-1 
-1 
-1 
-1 
-1 
-1 
-1 
-1 
2 
-1 
0 
39 
20 
-1 
-1 
-1 
-1 
8 
-1 
76 
-1 
-1 
24 
-1 
-1 
66 
-1 
-1 
-1 
-1 
-1 
-1 
2 
-1 
0 
39 
-1 
-1 
-1 
-1 
-1 
17 
-1 
10 
-1 
-1 
-1 
-1 
-1 
-1 
-1 
64 
-1 
-1 
-1 
66 
-1 
-1 
38 
38 
20 
-1 
-1 
-1 
-1 
17 
-1 
10 
-1 
-1 
-1 
48 
-1 
-1 
-1 
-1 
-1 
-1 
-1 
-1 
-1 
-1 
-1 
30 
29 
28 
75 
28 
28 
94 
68 
10 
-1 
-1 
-1 
-1 
-1 
-1 
-1 
-1 
-1 
-1 
-1 
-1 
-1 
-1 
-1 
28 
-1 
12 
58 
43 
-1 
-1 
-1 
-1 
-1 
-1 
-1 
-1 
-1 
-1 
-1 
-1 
-1 
-1 
-1 
-1 
-1 
-1 
-1 
-1 
-1 
-1 
-1 
-1 
-1 
-1 
-1 
-1 
-1 
-1 
-1 
-1 
-1 
-1 
-1 
-1 
-1 
-1 
-1 
-1 
-1 
-1 
-1 
-1 
-1 
-1 
-1 