  -1
  -1
  -1
  -1
  -1
  -1
  -1
  -1
  -1
  -1
  -1
  -1
  -1
  -1
  -1
  -1
  -1
  -1
  -1
  -1
  -1
  -1
  -1
  -1
  -1
  -1
  -1
  -1
  -1
  -1
  -1
  -1
  -1
  -1
  -1
  -1
  -1
  -1
  -1
  -1
  -1
  -1
  -1
  -1
  -1
  -1
  -1
  -1
  -1
  -1
  -1
  -1
  -1
  -1
  -1
  -1
  -1
  -1
  -1
  -1
  -1
  -1
  -1
  -1
  -1
  -1
  -1
  -1
  -1
  -1
  -1
  -1
  -1
  -1
  -1
  -1
  -1
  -1
  -1
  -1
  -1
  -1
  -1
  -1
  -1
  -1
  -1
  -1
   5
  24
  31
  23
  23
  23
  23
  23
  23
  23
  23
  23
   7
  -1
  -1
  -1
  -1
  -1
  -1
  -1
  -1
  -1
  14
  37
  23
  23
  26
  33
  18
  -1
  -1
  -1
  -1
  -1
  -1
  -1
  -1
  -1
  -1
  -1
  -1
  -1
  -1
  -1
  -1
  -1
  -1
  14
  42
  38
  -1
  -1
  -1
  -1
  -1
  -1
  -1
  -1
  -1
  -1
  -1
  -1
  -1
  -1
  -1
  -1
  -1
  -1
  -1
  -1
  -1
  -1
  -1
  18
  12
  -1
  -1
  -1
  -1
  -1
  -1
  -1
  -1
  -1
  -1
 119
  -1
  -1
  -1
  -1
  -1
  -1
  -1
  -1
  -1
  -1
  -1
  -1
  -1
  -1
  -1
  -1
  -1
  -1
  -1
  -1
  -1
  -1
  -1
  -1
  -1
 105
  -1
  -1
  -1
  -1
  -1
  -1
  -1
  -1
  -1
  -1
  -1
  -1
  -1
  -1
  -1
  -1
  -1
  -1
  -1
  -1
  -1
 114
 123
  -1
  -1
  -1
  -1
  -1
  -1
  -1
  -1
  -1
  -1
  -1
  -1
  -1
  -1
  -1
  -1
  -1
  -1
  -1
  -1
  -1
  -1
  -1
  -1
  -1
  -1
  -1
  -1
  -1
  -1
  -1
  -1
  -1
  -1
  -1
  -1
  -1
  -1
  -1
  -1
  -1
  -1
  -1
  -1
  -1
  -1
  -1
  -1
  -1
  -1
  -1
  -1
  -1
  -1
  -1
  -1
  -1
  -1
  -1
  -1
  -1
  -1
  -1
  -1
  -1
  -1
  -1
  -1
  -1
  -1
  -1
  -1
  -1
  -1
  -1
  -1
  -1
  -1
   9
  -1
  -1
  -1
  -1
  -1
  -1
  -1
  -1
  -1
  -1
  -1
  -1
  -1
  -1
  -1
  -1
  -1
  -1
  -1
  -1
  -1
  -1
  -1
  -1
  -1
  -1
  -1
   0
  -1
  -1
  -1
  -1
  -1
  -1
  -1
  -1
  -1
  -1
  -1
  -1
  -1
  -1
  -1
  -1
  -1
  -1
  -1
  -1
  -1
  -1
  -1
  -1
  -1
  -1
  -1
  -1
  -1
  -1
  -1
  -1
  -1
  -1
  -1
  -1
  -1
  -1
  -1
  -1
  -1
  -1
  -1
  -1
  -1
  -1
  -1
  -1
  -1
  -1
  -1
  -1
  -1
  -1
  -1
  -1
  -1
  -1
  -1
  -1
  -1
  -1
  -1
  -1
  -1
  -1
  -1
  -1
  -1
  -1
  -1
  -1
  -1
  -1
  -1
  -1
  -1
  -1
  -1
  -1
  -1
  -1
  -1
  -1
  -1
  -1
  -1
  -1
  -1
  -1
  -1
  -1
  -1
  -1
  -1
  -1
  -1
  -1
  14
  -1
  -1
  -1
  -1
  -1
  -1
  -1
  -1
  -1
  -1
  -1
  -1
  -1
  -1
  -1
  -1
  -1
  -1
  -1
  -1
  -1
  -1
  -1
  14
  37
  28
  38
  -1
  -1
  -1
  -1
  -1
  -1
  -1
  -1
  -1
  -1
  -1
  -1
  -1
  -1
  -1
  -1
  -1
  -1
  -1
  -1
  14
  37
  28
  38
  -1
  -1
  -1
  -1
  -1
  -1
  -1
  -1
  -1
  -1
  -1
  -1
  -1
  -1
  -1
  -1
  -1
  -1
  -1
  -1
  14
  37
  28
  38
  -1
  -1
  -1
  -1
  -1
  -1
  -1
 124
  -1
  -1
  -1
  -1
  -1
  -1
  -1
  -1
  -1
  -1
  -1
  -1
  14
  37
  28
  38
  -1
  -1
  -1
  -1
  -1
  -1
  -1
 116
 122
  -1
  -1
  -1
  -1
  -1
  -1
  -1
  -1
  -1
  -1
  -1
  14
  37
  28
  38
  -1
  -1
  -1
  -1
  -1
  -1
  -1
 119
  -1
  -1
  -1
  -1
  -1
  -1
  -1
  -1
  -1
  -1
  -1
  -1
  -1
  -1
  18
  52
  -1
  -1
  -1
  -1
  -1
  -1
  -1
 119
  -1
 119
  -1
  -1
  -1
  -1
  -1
  -1
  -1
  -1
  -1
  -1
  -1
  -1
  -1
  -1
  -1
  -1
  -1
  -1
  -1
  -1
  -1
  -1
  -1
 119
  -1
  -1
  -1
  -1
  -1
  -1
  -1
  -1
  -1
  -1
  -1
  -1
  -1
  -1
  -1
  -1
  -1
  -1
  -1
  -1
  -1
  -1
  -1
  -1
  -1
  -1
  -1
  -1
  -1
  -1
  -1
  -1
  -1
  -1
  -1
  -1
  -1
  -1
  -1
  -1
  -1
  -1
  -1
  -1
  -1
  -1
  -1
  -1
  -1
  -1
  -1
  -1
  -1
  -1
  -1
  -1
  -1
  -1
  -1
  -1
  -1
  -1
  -1
  -1
  -1
  -1