-2 
-2 
-2 
-2 
-2 
-2 
-2 
-2 
-2 
-2 
-2 
-2 
-2 
-2 
-2 
-2 
-2 
-2 
-2 
-2 
-2 
-2 
-2 
-2 
-2 
-2 
-2 
-2 
-2 
-2 
-2 
-2 
-2 
-2 
-2 
-2 
-2 
-2 
-2 
-2 
-2 
-2 
-2 
-2 
-2 
-2 
-2 
-2 
-2 
-2 
-2 
-2 
-2 
-2 
-2 
-2 
-2 
-2 
-2 
-2 
-2 
-2 
-2 
-2 
-2 
-2 
-2 
-2 
-2 
-2 
-2 
-2 
-2 
-2 
-2 
-2 
-2 
-2 
-2 
-2 
-2 
-2 
-2 
-2 
-2 
-2 
-2 
-2 
-18 
-51 
-73 
-77 
-77 
-77 
-77 
-77 
-77 
-77 
-77 
-77 
-62 
-10 
-2 
-2 
-2 
-2 
-2 
-2 
-2 
-2 
21 
25 
-52 
-77 
-94 
-46 
-110 
-95 
-95 
-95 
0 
-95 
-95 
-95 
-95 
-95 
-26 
17 
-2 
-2 
-2 
-2 
-2 
-2 
-2 
-36 
-46 
-96 
-26 
-95 
-118 
110 
84 
-116 
126 
-77 
126 
126 
126 
126 
-106 
-18 
22 
42 
-2 
-2 
-2 
-2 
-2 
-2 
-2 
-72 
91 
-105 
85 
126 
126 
116 
126 
126 
126 
126 
-97 
-63 
-55 
-55 
-55 
30 
39 
15 
-2 
-2 
-2 
-2 
-2 
-2 
-2 
-87 
123 
-122 
126 
126 
126 
126 
126 
-97 
-96 
-122 
-61 
-18 
-37 
-37 
-37 
12 
15 
-2 
-2 
-2 
-2 
-2 
-2 
-2 
-2 
-51 
-91 
-115 
-94 
-101 
-123 
126 
-52 
-76 
19 
-82 
30 
42 
-2 
-2 
-2 
-2 
-2 
-2 
-2 
-2 
-2 
-2 
-2 
-2 
-2 
-2 
-51 
-91 
-51 
-81 
111 
126 
-107 
12 
9 
-55 
12 
15 
-2 
-2 
-2 
-2 
-2 
-2 
-2 
-2 
-2 
-2 
-2 
-2 
-2 
-2 
-2 
-51 
-13 
-103 
92 
126 
-77 
-32 
93 
-2 
-2 
-2 
-2 
-2 
-2 
-2 
-2 
-2 
-2 
-2 
-2 
-2 
-2 
-2 
-2 
-2 
-2 
-2 
-2 
-87 
123 
-122 
-96 
-43 
-45 
-49 
-15 
-4 
-2 
-2 
-2 
-2 
-2 
-2 
-2 
-2 
-2 
-2 
-2 
-2 
-2 
-2 
-2 
-2 
-2 
-51 
-91 
-115 
-122 
-81 
-77 
-65 
-52 
-113 
-10 
15 
-2 
-2 
-2 
-2 
-2 
-2 
-2 
-2 
-2 
-2 
-2 
-2 
-2 
-2 
-2 
-2 
-51 
-91 
-17 
87 
-100 
-88 
-78 
-49 
-64 
16 
-2 
-2 
-2 
-2 
-2 
-2 
-2 
-2 
-2 
-2 
-2 
-2 
-2 
-2 
-2 
-2 
-2 
-51 
-55 
-106 
107 
-59 
126 
127 
2 
17 
-2 
-2 
-2 
-2 
-2 
-2 
-2 
-2 
-2 
-2 
-2 
-2 
-2 
-2 
-2 
-2 
-2 
-2 
18 
-61 
-55 
-88 
-122 
126 
-45 
1 
-10 
-2 
-2 
-2 
-2 
-2 
-2 
-2 
-2 
-2 
-2 
-2 
-2 
-2 
-2 
-2 
-2 
-2 
-36 
-119 
126 
108 
99 
-128 
-58 
-97 
22 
-2 
-2 
-2 
-2 
-2 
-2 
-2 
-2 
-2 
-2 
-2 
-2 
-2 
-2 
-2 
-36 
-70 
-113 
-122 
-95 
112 
119 
12 
-72 
124 
-45 
-2 
-2 
-2 
-2 
-2 
-2 
-2 
-2 
-2 
-2 
-2 
-2 
-2 
-36 
-70 
-113 
-122 
112 
108 
126 
126 
126 
-97 
7 
41 
3 
-2 
-2 
-2 
-2 
-2 
-2 
-2 
-2 
-2 
-2 
-2 
-36 
-70 
-113 
-122 
112 
108 
126 
126 
126 
-107 
-73 
-21 
39 
15 
-2 
-2 
-2 
-2 
-2 
-2 
-2 
-2 
-2 
-2 
-36 
-70 
-113 
-122 
112 
108 
126 
126 
126 
126 
-97 
-38 
-13 
20 
15 
-2 
-2 
-2 
-2 
-2 
-2 
-2 
-2 
-2 
-36 
-70 
-113 
-122 
112 
108 
126 
126 
126 
126 
-97 
-63 
-19 
24 
14 
3 
-2 
-2 
-2 
-2 
-2 
-2 
-2 
-2 
-2 
-2 
-84 
-67 
-114 
108 
126 
126 
126 
126 
-97 
-63 
-19 
-10 
12 
15 
-2 
-2 
-2 
-2 
-2 
-2 
-2 
-2 
-2 
-2 
-2 
-2 
-51 
-91 
-82 
-55 
-55 
-55 
-55 
-55 
-19 
-10 
12 
15 
-2 
-2 
-2 
-2 
-2 
-2 
-2 
-2 
-2 
-2 
-2 
-2 
-2 
-2 
-30 
-28 
-48 
-37 
-37 
-37 
-37 
-37 
12 
15 
-2 
-2 
-2 
-2 
-2 
-2 
-2 
-2 
-2 
-2 
-2 
-2 
-2 
-2 
-2 
-2 
-2 
-2 
-2 
-2 
-2 
-2 
-2 
-2 
-2 
-2 
-2 
-2 
-2 
-2 
-2 
-2 
-2 
-2 
-2 
-2 
-2 
-2 
-2
-2