255
255
255
255
255
255
255
255
255
255
255
255
255
255
255
255
255
255
255
255
255
255
255
255
255
255
255
255
255
255
255
255
255
255
255
255
255
255
255
255
255
255
255
255
255
255
255
255
255
255
255
255
255
255
255
255
255
24
255
255
31
255
255
23
255
255
23
255
255
23
255
255
23
255
255
7
255
255
255
255
255
127
255
59
255
73
6
103
121
42
52
255
31
55
109
30
33
125
23
82
125
31
255
125
23
255
125
23
255
125
31
255
41
19
255
255
255
255
255
127
125
127
255
255
127
255
255
125
75
81
125
255
255
125
63
255
125
255
255
125
255
255
255
31
127
255
62
255
11
122
255
14
255
255
255
255
255
255
255
255
255
255
255
255
91
255
255
84
255
108
69
125
125
28
255
255
25
255
127
28
119
57
255
255
31
255
255
255
255
255
255
255
255
255
255
255
255
255
255
255
255
255
255
255
255
255
12
255
106
15
1
124
58
255
125
255
255
84
18
255
255
255
255
255
255
255
255
29
255
255
255
255
255
255
255
255
255
255
255
255
255
255
255
255
255
255
255
255
12
255
255
58
41
125
49
36
125
34
10
255
75
89
255
9
7
255
255
255
255
255
255
255
255
255
127
95
255
255
255
255
255
98
255
255
255
255
255
255
255
63
79
255
255
12
255
125
11
255
125
34
255
125
255
255
255
255
255
255
20
255
255
255
255
255
255
255
255
255
255
255
255
255
255
255
255
255
255
255
255
255
14
255
2
37
111
39
38
125
20
255
255
58
107
24
20
255
255
26
255
255
20
255
109
255
255
255
255
255
255
255
103
255
255
95
255
20
53
111
39
28
125
68
102
125
17
255
125
16
255
125
71
255
127
76
255
29
255
255
255
255
255
64
255
255
255
2
37
24
35
42
78
88
85
125
20
255
125
80
255
125
83
87
125
17
116
13
255
122
14
255
255
255
255
255
255
255
255
123
255
255
255
255
255
255
15
28
111
126
255
78
28
255
255
28
255
127
17
126
23
74
119
14
255
255
255
255
255
255
255
255
255
255
255
255
255
255
255
255
255
255
255
127
255
12
255
255
255
255
255
255
255
255
98
255
14
255
255
255
255
255
255
255
255
255
255
255
255
255
255
255
255
255
255
255
255
255
255
