  -1
  -1
  -1
  -1
  -1
  -1
  -1
  -1
  -1
  -1
  -1
  -1
  -1
  -1
  -1
  -1
  -1
  -1
  -1
  -1
  -1
  -1
  -1
  -1
  -1
  -1
  -1
  -1
  -1
  -1
  -1
  -1
  -1
  -1
  -1
  -1
  -1
  -1
  -1
  -1
  -1
  -1
  -1
  -1
  -1
  -1
  -1
  -1
  -1
  -1
  -1
  -1
  -1
  -1
  -1
  -1
  24
  -1
  -1
  31
  -1
  -1
  23
  -1
  -1
  23
  -1
  -1
  23
  -1
  -1
  23
  -1
  -1
   7
  -1
  -1
  -1
  -1
  -1
  -1
  -1
  -1
  -1
  -1
  -1
  14
  -1
  20
  42
  -1
  23
  23
 109
  30
  33
 125
  23
  18
 125
  23
  -1
 125
  23
  -1
 125
  23
  -1
 125
  23
  -1
  41
  27
  -1
  -1
  -1
  -1
  -1
  -1
  -1
  -1
  -1
  -1
  -1
  30
  18
 122
  54
  12
 125
  -1
  -1
 125
  -1
  -1
 125
  17
  -1
 125
  34
  -1
  -1
  17
 119
  -1
  28
  -1
  11
  28
  -1
  38
  -1
  -1
  -1
  -1
  -1
  -1
  -1
  -1
  -1
  -1
  -1
  -1
  12
  -1
  -1
  12
  -1
  -1
  53
  -1
 125
  28
  -1
  20
  17
 114
  -1
  11
 123
  41
  -1
  -1
  -1
  -1
  -1
  -1
  -1
  -1
  -1
  -1
  -1
  -1
  -1
  -1
  -1
  -1
  -1
  -1
  -1
  -1
  -1
  -1
  -1
  -1
  12
  -1
  -1
  30
  -1
 125
  34
  -1
  -1
  -1
  -1
  -1
  -1
   9
  -1
  -1
  -1
  -1
  -1
  -1
  -1
  -1
  -1
  -1
  -1
  -1
  -1
  -1
  -1
  -1
  -1
  -1
  -1
  -1
  -1
  -1
  -1
  -1
  -1
  -1
  -1
  -1
  12
  -1
  -1
  12
  -1
  -1
  34
  -1
 125
   7
  -1
  -1
   1
   0
  -1
   9
  -1
  -1
  -1
  -1
  -1
  -1
  -1
  -1
  -1
  -1
  -1
  -1
  -1
  -1
  -1
  -1
  -1
  -1
  -1
  -1
  -1
  -1
  -1
  -1
  -1
  -1
  12
  -1
  -1
  12
  -1
 125
  34
  -1
 125
  34
  -1
  16
   3
  -1
  -1
  -1
  -1
  -1
  -1
  -1
  -1
  -1
  -1
  -1
  -1
  -1
  -1
  -1
  -1
  -1
  -1
  -1
  -1
  -1
  -1
  -1
  -1
  -1
  -1
   2
  37
  -1
  17
  38
 125
  39
  -1
 125
  20
  -1
  27
   5
  -1
  23
   8
  -1
  -1
  -1
  -1
  -1
  -1
  -1
  -1
  -1
  -1
  -1
  -1
  -1
  -1
  -1
  -1
  -1
   2
  37
  -1
   2
  38
 111
  39
  38
 125
  39
  -1
 125
  11
  -1
 125
  17
 124
  40
  -1
  -1
   2
  -1
  -1
  -1
  -1
  -1
  -1
  -1
  -1
  -1
  -1
  -1
  -1
   2
  37
  -1
   2
  38
 111
  39
  38
 125
  39
  -1
 125
  -1
  -1
 125
  17
 119
  23
  17
 116
  19
  -1
 122
  14
  -1
  -1
  -1
  -1
  -1
  -1
  -1
  -1
  -1
  -1
  -1
  -1
  -1
  -1
  -1
  38
  52
 111
  39
  -1
 125
  28
  -1
 125
  28
  -1
  -1
  17
 119
  14
  10
 119
  14
  -1
  -1
  -1
  -1
  -1
  -1
  -1
  -1
  -1
  -1
  -1
  -1
  -1
  -1
  -1
  -1
  -1
  -1
  -1
  -1
  -1
  12
  -1
  -1
  -1
  -1
  -1
  -1
  -1
  -1
  -1
  -1
  14
  -1
  -1
  -1
  -1
  -1
  -1
  -1
  -1
  -1
  -1
  -1
  -1
  -1
  -1
  -1
  -1
  -1
  -1
  -1
  -1
  -1
  -1
  -1