  -1
  -1
  -1
  -1
  -1
  -1
  -1
  -1
  -1
  -1
  -1
  -1
  -1
  -1
  -1
  -1
  -1
  -1
  -1
  -1
  -1
  -1
  -1
  -1
  -1
  -1
  -1
  -1
  -1
  -1
  -1
  -1
  -1
  -1
  -1
  -1
  -1
  -1
  -1
  -1
  -1
  -1
  -1
  -1
  -1
  -1
  -1
  -1
  -1
  -1
  -1
  -1
  -1
  -1
  -1
  -1
  24
  -1
  -1
  31
  -1
  -1
  23
  -1
  -1
  23
  -1
  -1
  23
  -1
  -1
  23
  -1
  -1
   7
  -1
  -1
  -1
  -1
  -1
  -1
  -1
  -1
  -1
  -1
  -1
  14
  -1
  20
  42
  -1
  23
  23
  -1
  30
  33
  -1
  23
  18
  -1
  23
  -1
  -1
  23
  -1
  -1
  23
  -1
  -1
  23
  -1
  41
  27
  -1
  -1
  -1
  -1
  -1
  -1
  -1
  -1
  -1
  -1
  -1
  30
  18
  -1
  54
  12
  -1
  -1
  -1
  -1
  -1
  -1
  -1
  17
  -1
  -1
  34
  -1
  -1
  17
  -1
  -1
  28
  -1
  11
  28
  -1
  38
  -1
  -1
  -1
  -1
  -1
  -1
  -1
  -1
  -1
  -1
  -1
  -1
  12
  -1
  -1
  12
  -1
  -1
  53
  -1
  -1
  28
  -1
  20
  17
  -1
  -1
  11
  -1
  41
  -1
  -1
  -1
  -1
  -1
  -1
  -1
  -1
  -1
  -1
  -1
  -1
  -1
  -1
  -1
  -1
  -1
  -1
  -1
  -1
  -1
  -1
  -1
  -1
  12
  -1
  -1
  30
  -1
  -1
  34
  -1
  -1
  -1
  -1
  -1
  -1
   9
  -1
  -1
  -1
  -1
  -1
  -1
  -1
  -1
  -1
  -1
  -1
  -1
  -1
  -1
  -1
  -1
  -1
  -1
  -1
  -1
  -1
  -1
  -1
  -1
  -1
  -1
  -1
  -1
  12
  -1
  -1
  12
  -1
  -1
  34
  -1
  -1
   7
  -1
  -1
   1
   0
  -1
   9
  -1
  -1
  -1
  -1
  -1
  -1
  -1
  -1
  -1
  -1
  -1
  -1
  -1
  -1
  -1
  -1
  -1
  -1
  -1
  -1
  -1
  -1
  -1
  -1
  -1
  -1
  12
  -1
  -1
  12
  -1
  -1
  34
  -1
  -1
  34
  -1
  16
   3
  -1
  -1
  -1
  -1
  -1
  -1
  -1
  -1
  -1
  -1
  -1
  -1
  -1
  -1
  -1
  -1
  -1
  -1
  -1
  -1
  -1
  -1
  -1
  -1
  -1
  -1
   2
  37
  -1
  17
  38
  -1
  39
  -1
  -1
  20
  -1
  27
   5
  -1
  23
   8
  -1
  -1
  -1
  -1
  -1
  -1
  -1
  -1
  -1
  -1
  -1
  -1
  -1
  -1
  -1
  -1
  -1
   2
  37
  -1
   2
  38
  -1
  39
  38
  -1
  39
  -1
  -1
  11
  -1
  -1
  17
  -1
  40
  -1
  -1
   2
  -1
  -1
  -1
  -1
  -1
  -1
  -1
  -1
  -1
  -1
  -1
  -1
   2
  37
  -1
   2
  38
  -1
  39
  38
  -1
  39
  -1
  -1
  -1
  -1
  -1
  17
  -1
  23
  17
  -1
  19
  -1
  -1
  14
  -1
  -1
  -1
  -1
  -1
  -1
  -1
  -1
  -1
  -1
  -1
  -1
  -1
  -1
  -1
  38
  52
  -1
  39
  -1
  -1
  28
  -1
  -1
  28
  -1
  -1
  17
  -1
  14
  10
  -1
  14
  -1
  -1
  -1
  -1
  -1
  -1
  -1
  -1
  -1
  -1
  -1
  -1
  -1
  -1
  -1
  -1
  -1
  -1
  -1
  -1
  -1
  12
  -1
  -1
  -1
  -1
  -1
  -1
  -1
  -1
  -1
  -1
  14
  -1
  -1
  -1
  -1
  -1
  -1
  -1
  -1
  -1
  -1
  -1
  -1
  -1
  -1
  -1
  -1
  -1
  -1
  -1
  -1
  -1
  -1
  -1